c 0 0 0
ll -1 -1 -3
lr 1 -1 -3
ul -1 1 -3
r 1000 1000
d 1.0 -1.0 -1.0 1.0 1.0 1.0
d -1.0 1.0 1.0 1.0 1.0 1.0
e 0.05 0.05 0.05 1.0 0.0 0.0 1.0 1.0 1.0 0.9 0.9 0.9 0.0 0.0 0.0 1.0 50.0 4.0 2.0 2.0 0.0 0.0 -17.0 0.0 0.0 0.0
e 0.05 0.05 0.05 0.0 1.0 0.0 1.0 1.0 1.0 0.9 0.9 0.9 0.0 0.0 0.0 1.0 50.0 0.5 1.5 1.0 -2.0 4.0 -17.0 -45.0 -45.0 0.0
e 0.05 0.05 0.05 0.0 0.0 1.0 1.0 1.0 1.0 0.9 0.9 0.9 0.0 0.0 0.0 1.0 50.0 0.5 1.5 1.0 -2.0 -4.0 -17.0 45.0 -45.0 0.0
e 0.05 0.05 0.05 1.0 1.0 0.0 1.0 1.0 1.0 0.9 0.9 0.9 0.0 0.0 0.0 1.0 50.0 0.5 1.5 1.0 2.0 4.0 -17.0 -135.0 45.0 0.0
e 0.05 0.05 0.05 0.0 1.0 1.0 1.0 1.0 1.0 0.9 0.9 0.9 0.0 0.0 0.0 1.0 50.0 0.5 1.5 1.0 2.0 -4.0 -17.0 135.0 45.0 0.0
