c 0 0 0
ll -1 -1 -3
lr 1 -1 -3
ul -1.0 1.0 -3.0
r 1000 1000
d 1.0 -1.0 -1.0 1.0 1.0 1.0
d -1.0 1.0 1.0 1.0 1.0 1.0
e 0.1 0.1 0.1 1.0 0.0 0.0 1.0 1.0 1.0 0.9 0.9 0.9 0.0 0.0 0.0 1.0 50.0 2.0 2.0 2.0 0.0 0.0 -17.0 0.0 0.0 0.0
e 0.1 0.1 0.1 0.0 1.0 0.0 1.0 1.0 1.0 0.9 0.9 0.9 0.0 0.0 0.0 1.0 50.0 1.5 1.5 1.5 0.0 4.0 -17.0 0.0 0.0 0.0
e 0.1 0.1 0.1 0.0 0.0 1.0 1.0 1.0 1.0 0.9 0.9 0.9 0.0 0.0 0.0 1.0 50.0 1.5 1.5 1.5 0.0 -4.0 -17.0 0.0 0.0 0.0
e 0.1 0.1 0.1 1.0 1.0 0.0 1.0 1.0 1.0 0.9 0.9 0.9 0.0 0.0 0.0 1.0 50.0 1.5 1.5 1.5 4.0 0.0 -17.0 0.0 0.0 0.0
e 0.1 0.1 0.1 0.0 1.0 1.0 1.0 1.0 1.0 0.9 0.9 0.9 0.0 0.0 0.0 1.0 50.0 1.5 1.5 1.5 -4.0 0.0 -17.0 0.0 0.0 0.0
