c 0 0 3
ll -0.8 -0.3 1
lr 0.9 -0.3 1
ul -0.8 1.4 1
r 1000 1000
d 1.0 -1.0 -1.0 1.0 1.0 1.0
d -1.0 1.0 1.0 1.0 1.0 1.0
d -1.0 -1.0 -1.0 0.5 0.5 0.5 

t 0.05 0.05 0.05 0.1 0.1 0.1 1.0 1.0 1.0 1.0 1.0 1.0 0.0 0.0 0.0 1.0 50.0 15.0 -1.0 -30.0 -15.0 -0.0 -30.0 -15.0 -0.0 30.0
t 0.05 0.05 0.05 0.1 0.1 0.1 1.0 1.0 1.0 1.0 1.0 1.0 0.0 0.0 0.0 1.0 50.0 15.0 -1.0 30.0 15.0 -0.0 -30.0 -15.0 -0.0 30.0


o 0.1 0.1 0.1 0.0 1.0 0.0 1.0 1.0 1.0 0.0 0.0 0.0 0.0 0.0 0.0 1.0 50.0 1.0 1.0 1.0 0.0 0.0 0.0 0.0 0.0 0.0 scenes/angelDrop_fixed.obj

