c 0 0 0
ll -1 -1 -3
lr 1 -1 -3
ul -1.0 1.0 -3.0
r 1000 1000
d 1.0 -1.0 -1.0 1.0 1.0 1.0
p 0.0 0.0 -1.0 0.2 0.0 0.2
e 0.05 0.05 0.05 1.0 0.0 0.0 1.0 1.0 1.0 0.9 0.9 0.9 0.0 0.0 0.0 1.0 50.0 3.0 3.0 3.0 0.0 0.0 -20.0 0.0 0.0 0.0
e 0.05 0.05 0.05 0.0 1.0 0.0 1.0 1.0 1.0 0.9 0.9 0.9 0.0 0.0 0.0 1.0  50.0 1.0 1.0 1.0 2.0 -2.0 -15.0 0.0 0.0 0.0
e 0.05 0.05 0.05 0.0 0.0 1.0 1.0 1.0 1.0 0.9 0.9 0.9 0.0 0.0 0.0 1.0 50.0 1.0 1.0 1.0 -2.0 -2.0 -15.0 0.0 0.0 0.0
t 0.05 0.05 0.05 0.1 0.1 0.1 1.0 1.0 1.0 1.0 1.0 1.0 0.0 0.0 0.0 1.0 50.0 15.0 -3.0 -30.0 -15.0 -3.0 -30.0 -15.0 -3.0 -5.0
t 0.05 0.05 0.05 0.1 0.1 0.1 1.0 1.0 1.0 1.0 1.0 1.0 0.0 0.0 0.0 1.0 50.0 15.0 -3.0 -5.0 15.0 -3.0 -30.0 -15.0 -3.0 -5.0
t 0.05 0.05 0.05 0.1 0.1 0.1 1.0 1.0 1.0 1.0 1.0 1.0 0.0 0.0 0.0 1.0 50.0 5.0 5.0 -17.0 0.0 4.0 -20.0 6.0 -1.0 -20.0
t 0.05 0.05 0.05 0.1 0.1 0.1 1.0 1.0 1.0 1.0 1.0 1.0 0.0 0.0 0.0 1.0 50.0 -5.0 5.0 -17.0 0.0 4.0 -20.0 -6.0 -1.0 -20.0
