c 0 0 3
ll -1.5 -0.8 2.0
lr 0.8 -0.8 2.0
ul -1.5 1.5 2.0
r 1000 1000
d 1.0 -1.0 -1.0 1.0 1.0 1.0
d -1.0 1.0 1.0 1.0 1.0 1.0
d -1.0 -1.0 -1.0 0.5 0.5 0.5 

e 0.05 0.05 0.05 1.0 0.0 0.0 1.0 1.0 1.0 0.9 0.9 0.9 0.0 0.0 0.0 1.0 50.0 0.5 0.2 0.2 -2.5 2.7 0.0 20.0 0.0 0.0
e 0.05 0.05 0.05 1.0 0.0 0.0 1.0 1.0 1.0 0.9 0.9 0.9 0.0 0.0 0.0 1.0 50.0 0.4 0.15 0.15 -3.4 2.0 0.0 55.0 0.0 0.0
e 0.05 0.05 0.05 1.0 0.0 0.0 1.0 1.0 1.0 0.9 0.9 0.9 0.0 0.0 0.0 1.0 50.0 0.35 0.12 0.12 -3.8 1.1 0.0 80.0 0.0 0.0

t 0.05 0.05 0.05 0.1 0.1 0.1 1.0 1.0 1.0 1.0 1.0 1.0 0.0 0.0 0.0 1.0 50.0 15.0 -1.0 -30.0 -15.0 -0.0 -30.0 -15.0 -0.0 30.0
t 0.05 0.05 0.05 0.1 0.1 0.1 1.0 1.0 1.0 1.0 1.0 1.0 0.0 0.0 0.0 1.0 50.0 15.0 -1.0 30.0 15.0 -0.0 -30.0 -15.0 -0.0 30.0
o 0.1 0.1 0.1 0.0 1.0 0.0 1.0 1.0 1.0 0.0 0.0 0.0 0.0 0.0 0.0 1.0 50.0 1.0 1.0 1.0 0.0 0.0 0.0 0.0 0.0 0.0 ../scenes/dragon-fixed.obj

